1000
0 55 55
89 48 39
49 60 88
38 13 25
86 98 75
28 96 15
0 54 4
46 13 67
65 69 32
21 84 62
63 18 95
48 100 7
58 18 38
15 72 4
88 56 9
53 48 15
5 95 26
21 88 44
61 11 30
97 48 53
41 58 27
39 94 64
85 73 70
34 74 94
71 28 4
22 21 46
34 27 91
95 92 84
86 54 55
41 62 75
1 13 64
96 46 59
2 64 93
15 40 98
28 100 1
34 66 96
50 42 68
44 4 23
12 100 82
82 93 96
1 52 5
33 18 17
76 21 60
68 47 78
8 34 45
63 38 11
9 3 8
83 53 23
54 18 72
20 60 5
20 46 23
65 39 45
19 78 93
67 1 56
13 9 61
21 57 20
67 19 16
65 81 74
83 56 97
42 67 86
43 82 18
67 88 33
16 97 9
79 12 10
16 88 96
34 92 25
54 53 91
82 47 46
52 20 71
99 97 98
16 96 54
91 96 80
59 78 24
87 22 56
68 23 60
94 29 61
36 64 15
0 68 90
60 57 42
81 88 84
9 10 84
87 12 14
82 47 30
4 92 13
20 73 83
6 53 79
52 58 41
82 45 77
89 86 90
65 34 26
38 3 52
35 71 80
2 35 88
32 14 83
10 67 92
73 94 45
33 39 73
12 7 78
77 23 24
39 72 57
47 25 9
88 27 3
91 2 12
52 22 97
71 87 7
27 69 53
28 95 81
30 44 90
100 26 16
18 75 8
40 67 34
34 9 32
0 30 70
61 6 25
47 27 41
19 80 12
91 47 20
86 75 33
79 29 41
98 29 77
3 82 67
23 100 5
42 63 85
28 81 52
51 66 33
50 78 61
50 58 100
93 79 38
49 48 55
4 86 31
55 3 20
79 74 13
51 65 58
10 36 76
29 37 5
33 70 76
23 35 44
19 87 86
43 82 22
84 75 56
83 39 80
36 86 34
97 44 60
94 54 91
17 55 29
1 90 31
91 24 30
56 48 75
43 30 26
1 42 57
90 37 82
79 31 94
42 62 90
15 19 12
96 100 18
31 86 25
47 68 48
88 64 68
1 69 27
14 46 40
69 18 21
1 87 71
30 60 84
98 31 67
61 55 7
89 42 1
28 2 36
89 48 41
54 99 95
75 18 15
16 53 10
38 20 36
72 96 80
20 18 1
10 33 33
75 79 54
28 74 83
29 75 87
34 10 100
45 83 96
74 92 31
32 47 87
82 56 91
36 60 91
72 15 93
38 68 94
97 40 45
34 5 87
69 91 72
62 44 84
19 90 69
42 4 54
51 36 99
77 75 53
31 32 20
4 79 33
29 36 86
76 87 22
38 73 58
44 65 58
56 6 32
88 45 37
72 83 63
68 63 40
27 61 19
55 4 97
78 12 41
22 14 70
3 53 40
78 21 43
64 16 62
47 88 70
23 89 93
76 27 10
82 87 30
68 23 92
59 75 48
70 44 46
45 39 23
38 87 35
57 48 78
92 31 9
49 35 2
80 25 64
28 37 95
44 33 42
80 53 38
46 100 80
97 24 78
6 33 77
70 70 72
92 82 14
56 80 4
22 34 52
20 62 88
84 98 55
53 85 73
4 95 82
34 78 66
93 40 71
14 33 90
47 85 3
9 67 78
69 82 83
1 54 73
35 22 38
66 26 38
96 10 58
91 88 3
8 90 85
100 97 2
21 81 30
1 97 39
56 44 57
94 11 37
86 23 47
99 8 69
45 3 87
46 59 25
22 54 16
23 34 79
57 87 8
33 17 14
72 36 27
62 59 95
100 84 72
100 35 40
81 3 94
24 64 84
27 56 28
25 17 18
30 9 85
19 77 96
29 21 89
2 1 3
28 43 83
70 15 34
72 84 72
38 13 28
60 29 94
12 85 59
31 40 41
97 40 88
21 66 14
17 73 94
40 76 92
45 58 69
10 19 4
42 58 87
42 12 84
55 77 36
78 28 15
34 38 11
36 98 27
80 80 99
6 54 76
87 81 48
40 32 40
28 88 81
0 10 42
90 48 65
56 65 95
52 37 89
5 85 97
84 90 42
17 46 54
63 39 40
84 26 67
33 56 65
77 76 20
65 77 35
36 42 44
85 67 94
56 83 72
2 98 62
32 15 55
49 86 5
89 99 82
49 11 58
83 27 46
63 93 100
15 29 66
83 89 31
54 73 68
73 100 14
97 83 99
53 48 96
37 43 86
30 5 25
2 59 23
71 76 48
46 69 58
81 38 43
11 45 47
27 97 67
46 18 82
91 86 32
35 97 48
6 26 84
79 94 60
36 93 63
31 57 62
73 29 39
13 82 4
16 54 82
12 25 45
95 23 15
52 79 8
23 1 19
17 31 57
14 81 78
52 69 42
47 27 8
68 55 29
54 72 3
14 63 94
90 69 64
97 16 13
93 73 87
10 37 85
34 99 40
66 90 100
55 71 46
95 11 94
29 71 99
72 68 30
72 45 65
96 97 9
53 46 81
8 92 17
90 77 46
69 44 38
33 84 61
92 55 47
6 27 73
95 22 15
28 46 55
94 24 53
25 40 82
47 32 85
79 8 72
83 77 15
99 26 64
47 74 14
25 76 48
8 20 80
77 67 94
10 55 27
13 28 46
70 100 38
97 88 98
46 38 10
19 53 6
37 73 10
7 21 17
12 72 15
94 73 33
12 9 17
14 10 10
33 60 68
88 17 98
63 73 6
100 68 14
18 61 15
23 17 75
85 85 34
53 61 85
77 91 2
55 84 13
88 17 100
39 12 84
12 59 63
12 72 83
23 7 57
15 28 37
43 9 84
23 60 91
60 5 38
3 98 22
73 4 82
11 69 57
82 35 76
91 35 47
55 94 47
74 29 63
95 61 13
25 68 86
52 79 95
24 29 11
83 81 21
95 88 7
77 28 9
55 71 19
12 3 26
10 5 43
41 5 75
87 20 40
67 53 15
57 64 92
89 41 20
26 20 90
43 19 26
7 62 58
35 87 31
80 66 44
73 81 29
97 61 94
53 92 12
99 58 92
41 98 74
64 70 73
31 47 82
61 30 32
12 55 55
84 90 1
54 84 33
53 100 79
74 24 4
81 4 75
3 75 98
57 14 13
54 6 54
90 76 61
60 34 72
42 33 8
8 3 76
75 69 6
46 26 68
93 28 75
55 36 81
46 13 25
71 28 11
89 84 47
80 2 41
34 72 48
47 71 80
35 57 4
74 76 22
55 93 15
61 58 61
18 28 91
17 42 4
80 15 95
53 77 48
82 89 7
45 24 72
84 74 99
100 6 31
1 45 6
84 5 4
44 19 7
19 61 77
70 25 2
8 7 32
31 37 19
87 70 20
83 41 63
75 83 75
17 8 18
40 29 19
59 43 87
94 30 1
33 24 78
20 71 63
4 47 1
99 70 86
77 83 58
35 99 22
49 2 81
48 19 14
45 62 57
4 11 83
94 20 21
49 34 10
39 5 87
97 70 4
46 65 73
100 84 31
55 37 9
31 15 100
51 26 61
7 52 33
55 94 27
23 66 83
22 20 89
78 92 39
51 9 46
16 74 2
41 54 55
49 97 30
84 71 12
82 79 96
93 81 97
69 39 59
0 42 24
61 29 41
61 85 22
64 96 55
34 54 33
59 83 100
77 46 98
43 89 76
5 77 17
3 8 88
2 100 54
46 71 15
81 69 83
5 98 52
34 85 73
5 4 81
92 38 94
78 84 95
17 53 33
79 88 11
62 87 92
34 98 65
39 42 75
51 34 61
75 37 68
26 2 42
63 43 23
20 73 91
6 36 66
25 63 58
76 5 76
35 35 60
2 77 57
33 61 4
19 57 99
61 38 36
60 86 100
29 23 13
80 74 70
37 54 52
44 68 69
45 94 28
38 96 19
1 74 53
4 78 15
17 89 70
69 96 3
75 55 81
72 9 77
71 35 27
8 44 91
16 81 80
100 28 10
89 80 48
59 46 2
7 84 93
17 6 40
77 75 10
36 4 21
1 73 59
13 55 55
94 62 11
48 21 33
13 94 70
24 26 19
42 35 78
59 30 79
67 5 11
87 66 72
68 82 88
7 29 92
84 79 48
34 72 75
21 26 87
52 68 11
42 13 34
43 48 99
83 98 82
45 19 56
48 64 69
60 68 69
61 87 41
48 100 27
51 57 31
99 77 4
58 12 24
94 30 67
48 46 58
55 65 61
99 62 71
61 34 14
54 36 40
49 22 17
2 47 93
57 10 21
70 57 74
63 90 6
92 40 17
3 83 27
28 62 38
13 17 1
19 32 19
88 76 98
85 85 71
30 64 33
48 77 79
44 27 57
36 54 38
76 41 73
10 33 21
86 14 22
5 20 37
5 66 37
37 87 64
41 26 27
19 13 36
32 96 39
4 62 87
40 47 81
97 87 65
20 46 63
85 7 21
24 60 67
100 1 1
79 67 41
99 99 99
57 75 37
62 86 17
72 82 11
1 81 66
65 18 82
46 74 16
62 67 78
87 78 17
52 44 12
87 63 16
57 85 91
36 12 28
25 69 7
10 86 69
25 23 43
76 70 22
15 87 67
71 83 38
12 71 89
65 19 26
69 96 28
38 6 39
5 100 52
37 17 62
6 54 76
52 36 12
96 46 9
84 53 47
15 70 53
71 8 8
78 28 94
32 94 82
21 89 97
91 2 11
4 17 11
42 7 15
48 59 23
39 81 80
70 35 40
81 14 29
37 56 98
58 36 22
97 81 53
73 9 85
67 43 16
23 74 80
33 34 86
84 32 46
84 40 70
23 68 11
37 26 33
67 7 97
35 72 76
14 58 26
87 5 14
17 32 44
39 68 89
34 68 35
7 25 48
35 45 55
40 79 88
43 44 59
98 83 39
44 31 91
68 88 23
34 16 89
51 7 31
44 95 98
23 58 58
65 48 46
75 33 74
45 4 63
51 46 69
11 45 87
46 60 87
82 2 69
52 91 16
90 47 68
81 8 37
72 40 83
46 83 61
88 7 40
4 99 34
91 65 22
66 20 11
75 36 52
71 81 41
70 93 6
84 18 41
59 96 91
89 8 11
5 36 8
37 92 57
51 72 5
4 8 40
25 18 17
14 65 87
87 63 13
100 91 42
16 39 79
47 53 21
75 76 37
50 22 86
0 53 42
17 17 24
86 22 44
24 98 37
22 41 17
97 76 47
83 45 78
11 72 92
74 35 78
23 36 86
2 72 59
82 77 39
91 2 82
79 6 20
49 32 95
66 19 66
63 53 74
7 68 97
67 54 42
73 35 23
67 94 53
14 72 37
29 35 24
0 39 48
2 67 55
53 76 77
100 27 67
7 78 53
30 5 55
22 15 99
59 82 94
91 77 4
37 29 63
82 70 56
38 55 3
26 92 27
73 41 26
21 17 22
67 3 26
72 98 89
34 67 6
78 13 34
65 89 98
85 84 21
32 81 7
4 99 54
92 3 36
0 71 40
54 31 99
16 58 42
1 55 20
90 69 60
98 96 13
31 9 91
86 25 64
12 24 3
27 63 72
22 45 39
67 58 20
65 70 12
24 1 68
22 97 31
17 63 22
81 64 71
11 83 30
64 76 28
4 64 60
56 82 23
41 32 82
83 12 56
7 13 96
35 81 8
8 87 8
55 83 24
87 57 12
60 52 78
54 69 77
38 92 85
7 72 10
81 30 41
47 1 94
38 4 1
50 22 39
57 92 78
93 21 57
8 78 93
99 10 38
13 42 34
62 17 11
15 90 92
39 39 55
61 11 61
60 24 94
9 76 39
97 10 91
7 33 36
78 100 69
37 59 59
9 78 90
86 89 75
59 60 85
47 66 68
3 31 48
28 14 70
61 65 100
38 18 100
64 20 30
97 18 34
76 78 55
95 21 59
6 56 93
35 9 73
25 74 22
37 2 41
29 2 60
19 71 93
42 73 40
85 96 27
50 27 13
20 28 98
56 92 59
99 95 91
58 20 9
87 47 83
77 46 25
57 75 18
84 70 75
94 13 95
75 52 73
48 86 21
7 34 65
94 75 65
8 61 41
50 69 97
1 28 70
88 98 52
59 89 41
87 21 91
8 31 78
36 98 30
19 15 33
67 14 93
17 52 13
85 73 67
88 98 54
59 8 29
59 30 95
57 59 38
91 5 25
50 65 61
8 59 6
61 53 3
16 10 4
76 86 17
82 65 54
66 92 12
43 72 63
14 60 30
84 95 42
2 76 15
84 98 25
58 86 97
54 7 5
27 81 7
91 59 33
46 25 23
43 86 20
81 79 13
100 74 54
13 64 42
53 5 47
100 6 94
76 82 99
8 61 3
35 16 42
68 45 5
13 9 38
62 17 79
78 53 78
74 77 38
15 27 85
23 5 33
30 83 16
52 33 14
41 85 37
85 93 63
11 5 82
69 26 21
93 62 88
95 62 96
21 53 4
36 87 6
84 79 77
31 80 31
57 27 68
93 6 84
51 82 15
97 37 34
4 87 25
96 55 72
93 26 48
17 26 74
96 23 79
82 98 10
14 19 22
35 43 32
64 88 26
59 75 32
56 35 42
67 89 59
93 61 47
40 5 31
56 30 6
31 83 25
33 55 85
68 88 5
27 65 77
26 63 84
90 98 72
94 53 82
33 44 96
18 89 10
62 57 13
75 23 60
39 62 19
50 20 90
54 98 4
65 88 97
10 22 55
87 37 36
4 84 60
21 6 39
30 61 23
76 85 40
75 93 5
74 73 98
68 76 65
